{
    "coord": [
        [
            -0.2666666666666673, 
            3.5017732621037334e-08, 
            -1.937150950002544e-08, 
            30.006622540418668
        ], 
        [
            -1.1424223600381298e-08, 
            0.2666666666666682, 
            3.95810494565238e-10, 
            30.046086891739826
        ], 
        [
            -9.803395510193683e-09, 
            -2.8184507176936965e-10, 
            0.21052631578947298, 
            8.901815534325381
        ], 
        [
            0.0, 
            0.0, 
            0.0, 
            1.0
        ]
    ], 
    "magnet": [
        [
            1.0000000000000022, 
            -1.3131649732889001e-07, 
            7.264316062509541e-08, 
            -0.00016869405047259534
        ], 
        [
            -3.871249313369158e-08, 
            0.9963551204551884, 
            -0.0853022510396237, 
            -0.001990851467340349
        ], 
        [
            -5.005082269123367e-08, 
            0.08530225620395779, 
            0.9963551572760754, 
            -0.00428404700704732
        ], 
        [
            0.0, 
            0.0, 
            0.0, 
            1.0
        ]
    ]
}