{
    "coord": [
        [
            -0.2666666666666668, 
            2.9057266123369246e-08, 
            1.5584127236668784e-08, 
            31.743609617661157
        ], 
        [
            -1.0679167709516997e-08, 
            0.26666666666666794, 
            -1.7899821444916212e-08, 
            28.661806342511365
        ], 
        [
            1.4582552389035958e-08, 
            -1.3429918693717456e-09, 
            0.21052631578947292, 
            4.264234696327967
        ], 
        [
            0.0, 
            0.0, 
            0.0, 
            1.0
        ]
    ], 
    "magnet": [
        [
            1.0000000000000004, 
            -1.0896474796263467e-07, 
            -5.844047713750794e-08, 
            -0.001182550604340804
        ], 
        [
            -2.911433165828892e-08, 
            0.9885052989216249, 
            0.15118594812381844, 
            0.0048592818887840394
        ], 
        [
            7.452544824141288e-08, 
            -0.15118602747491175, 
            0.9885053234192273, 
            -0.0011075793780470633
        ], 
        [
            0.0, 
            0.0, 
            0.0, 
            1.0
        ]
    ]
}