{
    "coord": [
        [
            -0.2666666666666667, 
            -5.1905699878798855e-08, 
            -1.6080836634795095e-08, 
            31.291179444245493
        ], 
        [
            -4.718700987949625e-09, 
            0.2666666666666657, 
            9.23560854124613e-10, 
            29.27409128710539
        ], 
        [
            1.2940482146016425e-08, 
            -3.1998840591135306e-09, 
            0.21052631578947448, 
            4.599466726448596
        ], 
        [
            0.0, 
            0.0, 
            0.0, 
            1.0
        ]
    ], 
    "magnet": [
        [
            1.0000000000000002, 
            1.9464637454549572e-07, 
            6.03031373804816e-08, 
            -0.0013085970729491692
        ], 
        [
            -2.158650811736557e-08, 
            0.9979565312242791, 
            -0.06389640161317588, 
            -0.0043480936076463195
        ], 
        [
            6.021102838769283e-08, 
            0.06389638655483607, 
            0.9979565271281663, 
            0.0029079280834061194
        ], 
        [
            0.0, 
            0.0, 
            0.0, 
            1.0
        ]
    ]
}